
strategic_region={
	id=275
	name="STRATEGICREGION_275"
	provinces={
		414 565 577 637 646 657 660 662 674 676 687 690 693 696 711 713 723 727 741 744 746 754 818 3076 3407 3575 3577 3630 3636 3639 3645 3649 3663 3665 3676 3689 3694 3696 3701 3704 3707 3709 3724 3728 3738 3741 3757 6584 6600 6652 6658 6667 6677 6679 6682 6695 6697 6706 6709 6711 6714 6727 6729 6731 6743 6747 6761 9548 9576 9606 9617 9619 9635 9640 9651 9668 9670 9672 9683 9685 9687 9698 9701 9704 9714 9716 11534 11588 11592 11603 11605 11608 11619 11622 11636 11639 11652 11655 11657 11670 11672 11676 11686 11689 11703 11705 
	}
	weather={
	}
}
